1;173688
2;173691
3;173694
4;173703
5;173706
6;173709
7;173712
8;173715
9;173718
10;173721
11;173724
12;173730
13;173736
14;173739
15;173742
16;173745
17;173748
18;173751
19;173754
20;173760
21;173766
22;173775
23;173781
24;173784
25;173787
26;173790
27;173793
28;173796
29;173799
30;173805
31;173811
32;173814
33;173817
34;173823
35;173826
36;173829
37;173835
38;173841
39;173844
40;173847
41;173859
42;173868
43;173871
44;173880
45;173898
46;173913
47;173919
48;173925
49;173928
50;173937
51;173940
52;173943
53;173946
54;173949
55;173955
56;173958
57;173964
58;173979
59;173982
60;173985
61;173988
62;173997
63;174000
64;174009
65;174012
66;174018
67;174024
68;174030
69;174036
70;174039
71;174042
72;174045
73;174048
74;174060
75;174069
76;174078
77;174084
78;174087
79;174090
80;174093
81;174096
82;174099
83;174102
84;174105
85;174111
86;174120
87;174132
88;174138
89;174141
90;174144
91;174147
92;174150
93;174153
94;174159
95;174168
96;174177
97;174180
98;174186
99;174195
100;174198
101;174201
102;174207
103;174213
104;174216
105;174219
106;174231
107;174237
108;174240
109;174243
110;174249
111;174252
112;174255
113;174258
114;174261
115;174264
116;174270
117;174279
118;174285
119;174288
120;174291
121;174294
122;174297
123;174303
124;174319
125;174322
126;174325
127;174331
128;174334
129;174337
130;174343
131;174349
132;174358
133;174361
134;174367
135;174379
136;174382
137;174385
138;174388
139;174394
140;174397
141;174400
142;174403
143;174406
144;174409
145;174415
146;174418
147;174421
148;174424
149;174430
150;174433
151;174436
152;174445
153;174448
154;174451
155;174457
156;174463
157;174469
158;174475
159;174478
160;174481
161;174484
162;174487
163;174490
164;174493
165;174496
166;174502
167;174505
168;174508
169;174511
170;174517
171;174529
172;174535
173;174538
174;174541
175;174547
176;174559
177;174562
178;174565
179;174568
180;174571
181;174577
182;174602
183;174605
184;174608
185;174611
186;174614
187;174620
188;174629
189;174635
190;174638
191;174644
192;174650
193;174653
194;174656
195;174659
196;174671
197;174683
198;174686
199;174689
200;174695
201;174707
202;174710
203;174713
204;174716
205;174719
206;174722
207;174737
208;174740
209;174749
210;174752
211;174758
212;174761
213;174764
214;174767
215;174773
216;174779
217;174785
218;174800
219;174806
220;174815
221;174818
222;174821
223;174824
224;174827
225;174845
226;174848
227;174851
228;174854
229;174857
230;174860
231;174863
232;174869
233;174872
234;174875
235;174878
236;174881
237;174884
238;174890
239;174893
240;174896
241;174902
242;174905
243;174911
244;174914
245;174917
246;174920
247;174923
248;174926
249;174929
250;174932
251;174935
252;174938
253;174941
254;174944
255;174947
256;174950
257;174953
258;174959
259;174962
260;174965
261;174968
262;174979
263;174982
264;174985
265;174991
266;174997
267;175012
268;175015
269;175018
270;175024
271;175027
272;175039
273;175045
274;175048
275;175054
276;175060
277;175075
278;175078
279;175081
280;175093
281;175096
282;175099
283;175105
284;175111
285;175114
286;175120
287;175135
288;175141
289;175147
290;175153
291;175162
292;175171
293;175174
294;175177
295;175180
296;175183
297;175186
298;175189
299;175192
300;175195
301;175198
302;175204
303;175219
304;175231
305;175234
306;175239
307;175248
308;175251
309;175254
310;175260
311;175263
312;175266
313;175275
314;175278
315;175281
316;175287
317;175293
318;175299
319;175302
320;175305
321;175311
322;175323
323;175329
324;175332
325;175335
326;175338
327;175341
328;175344
329;175347
330;175353
331;175359
332;175365
333;175371
334;175374
335;175377
336;175380
337;175383
338;175386
339;175389
340;175392
341;175395
342;175401
343;175407
344;175410
345;175413
346;175419
347;175425
348;175428
349;175434
350;175437
351;175455
352;175473
353;175476
354;175479
355;175485
356;175488
357;175491
358;175494
359;175497
360;175519
361;175525
362;175528
363;175531
364;175534
365;175537
366;175543
367;175546
368;175549
369;175552
370;175555
371;175564
372;175567
373;175573
374;175576
375;175582
376;175585
377;175591
378;175594
379;175597
380;175600
381;175606
382;175615
383;175624
384;175627
385;175630
386;175642
387;175651
388;175657
389;175666
390;175669
391;175672
392;175675
393;175681
394;175684
395;175687
396;175690
397;175693
398;175699
399;175702
400;175711
401;175714
402;175717
403;175720
404;175726
405;175735
406;175741
407;175744
408;175750
409;175756
410;175759
411;175765
412;175768
413;175771
414;175774
415;175780
416;175789
417;175792
418;175798
419;175801
420;175804
421;175807
422;175813
423;175819
424;175822
425;175825
426;175831
427;175834
428;175840
429;175843
430;175859
431;175871
432;175883
433;175892
434;175898
435;175907
436;175910
437;175913
438;175922
439;175928
440;175937
441;175946
442;175952
443;175958
444;175970
445;175973
446;175976
447;175979
448;175991
449;175994
450;175997
451;176000
452;176006
453;176012
454;176015
455;176018
456;176021
457;176030
458;176033
459;176039
460;176045
461;176048
462;176051
463;176057
464;176060
465;176063
466;176066
467;176069
468;176072
469;176078
470;176081
471;176084
472;176087
473;176090
474;176093
475;176096
476;176102
477;176105
478;176119
479;176122
480;176128
481;176131
482;176134
483;176137
484;176146
485;176149
486;176152
487;176158
488;176167
489;176170
490;176176
491;176179
492;176182
493;176185
494;176188
495;176191
496;176194
497;176203
498;176206
499;176218
500;176224
501;176227
502;176230
503;176239
504;176263
505;176266
506;176269
507;176275
508;176278
509;176281
510;176284
511;176287
512;176290
513;176299
514;176302
515;176305
516;176308
517;176314
518;176317
519;176320
520;176323
521;176326
522;176332
523;176342
524;176345
525;176359
526;176368
527;176371
528;176374
529;176380
530;176383
531;176386
532;176389
533;176392
534;176395
535;176398
536;176404
537;176413
538;176419
539;176428
540;176431
541;176437
542;176440
543;176446
544;176458
545;176461
546;176467
547;176470
548;176476
549;176488
550;176491
551;176500
552;176506
553;176515
554;176521
555;176527
556;176533
557;176539
558;176542
559;176545
560;176551
561;176557
562;176563
563;176566
564;176572
565;176575
566;176578
567;176581
568;176590
569;176593
570;176596
571;176602
572;176605
573;176608
574;176611
575;176614
576;176620
577;176632
578;176639
579;176648
580;176651
581;176657
582;176663
583;176672
584;176684
585;176690
586;176696
587;176699
588;176702
589;176705
590;176708
591;176711
592;176714
593;176717
594;176729
595;176735
596;176738
597;176744
598;176747
599;176762
600;176765
601;176768
602;176771
603;176780
604;176783
605;176786
606;176789
607;176792
608;176804
609;176807
610;176810
611;176813
612;176816
613;176822
614;176825
615;176828
616;176831
617;176834
618;176837
619;176840
620;176846
621;176849
622;176852
623;176855
624;176858
625;176879
626;176885
627;176891
628;176894
629;176903
630;176906
631;176921
632;176927
633;176930
634;176936
635;176945
636;176954
637;176957
638;176960
639;176963
640;176966
641;176969
642;176975
643;176978
644;176981
645;176984
646;176993
647;176996
648;177002
649;177005
650;177008
651;177011
652;177014
653;177023
654;177029
655;177035
656;177038
657;177044
658;177053
659;177059
660;177068
661;177077
662;177083
663;177086
664;177089
665;177092
666;177098
667;177122
668;177125
669;177134
670;177137
671;177140
672;177143
673;177149
674;177152
675;177155
676;177161
677;177167
678;177170
679;177173
680;177179
681;177185
682;177188
683;177191
684;177194
685;177197
686;177200
687;177203
688;177206
689;177209
690;177212
691;177215
692;177221
693;177230
694;177233
695;177239
696;177245
697;177248
698;177251
699;177254
700;177263
701;177269
702;177281
703;177284
704;177287
705;177293
706;177299
707;177317
708;177320
709;177323
710;177326
711;177329
712;177332
713;177335
714;177338
715;177344
716;177350
717;177353
718;177356
719;177359
720;177365
721;177368
722;177377
723;177402
724;177405
725;177423
726;177426
727;177432
728;177444
729;177450
730;177456
731;177459
732;177462
733;177465
734;177471
735;177480
736;177483
737;177492
738;177495
739;177498
740;177501
741;177504
742;177510
743;177516
744;177519
745;177522
746;177525
747;177528
748;177531
749;177537
750;177540
751;177543
752;177546
753;177549
754;177555
755;177558
756;177561
757;177570
758;177576
759;177579
760;177582
761;177588
762;177591
763;177600
764;177603
765;177606
766;177609
767;177618
768;177624
769;177633
770;177636
771;177645
772;177651
773;177657
774;177663
775;177666
776;177669
777;177675
778;177681
779;177687
780;177690
781;177702
782;177708
783;177719
784;177725
785;177728
786;177731
787;177737
788;177740
789;177755
790;177761
791;177764
792;177770
793;177776
794;177779
795;177782
796;177791
797;177794
798;177797
799;177800
800;177815
801;177821
802;177827
803;177830
804;177836
805;177845
806;177851
807;177857
808;177866
809;177878
810;177881
811;177902
812;177908
813;177926
814;177938
815;177941
816;177947
817;177953
818;177956
819;177965
820;177968
821;177971
822;177974
823;177983
824;177986
825;177989
826;177995
827;177998
828;178004
829;178010
830;178013
831;178016
832;178019
833;178037
834;178059
835;178074
836;178080
837;178107
838;178110
839;178119
840;178128
841;178134
842;178152
843;178155
844;178167
845;178179
846;178182
847;178185
848;178191
849;178194
850;178203
851;178209
852;178212
853;178215
854;178224
855;178230
856;178233
857;178239
858;178242
859;178245
860;178254
861;178257
862;178260
863;178263
864;178266
865;178269
866;178272
867;178275
868;178278
869;178290
870;178302
871;178308
872;178314
873;178317
874;178320
875;178329
876;178332
877;178335
878;178347
879;178350
880;178356
881;178362
882;178365
883;178368
884;178371
885;178383
886;178386
887;178389
888;178392
889;178395
890;178407
891;178413
892;178419
893;178425
894;178462
895;178465
896;178474
897;178491
898;178494
899;178497
900;178503
901;178518
902;178521
903;178524
904;178536
905;178539
906;178545
907;178551
908;178557
909;178566
910;178569
911;178572
912;178575
913;178581
914;178590
915;178593
916;178596
917;178614
918;178620
919;178626
920;178638
921;178641
922;178644
923;178650
924;178656
925;178659
926;178668
927;178677
928;178680
929;178686
930;178689
931;178692
932;178698
933;178707
934;178710
935;178716
936;178719
937;178722
938;178739
939;178745
940;178759
941;178762
942;178768
943;178771
944;178774
945;178777
946;178780
947;178783
948;178789
949;178798
950;178804
951;178807
952;178810
953;178816
954;178828
955;178834
956;178837
957;178840
958;178843
959;178846
960;178849
961;178855
962;178861
963;178864
964;178870
965;178873
966;178885
967;178891
968;178894
969;178897
970;178903
971;178906
972;178909
973;178912
974;178915
975;178927
976;178930
977;178933
978;178936
979;178939
980;178942
981;178954
982;178957
983;178963
984;178966
985;178969
986;178982
987;178999
988;179002
989;179005
990;179011
991;179017
992;179020
993;179023
994;179029
995;179032
996;179038
997;179041
998;179053
999;179056
1000;179059
1001;179062
1002;179065
1003;179068
1004;179071
1005;179074
1006;179077
1007;179080
1008;179095
1009;179107
1010;179110
1011;179113
1012;179116
1013;179134
1014;179137
1015;179140
1016;179146
1017;179149
1018;179152
1019;179158
1020;179170
1021;179179
1022;179182
1023;179188
1024;179194
1025;179200
1026;179203
1027;179215
1028;179218
1029;179221
1030;179233
1031;179239
1032;179242
1033;179245
1034;179254
1035;179266
1036;179272
1037;179278
1038;179281
1039;179284
1040;179293
1041;179299
1042;179302
1043;179305
1044;179311
1045;179314
1046;179317
1047;179323
1048;179326
1049;179329
1050;179342
1051;179345
1052;179351
1053;179354
1054;179363
1055;179369
1056;179372
1057;179375
1058;179378
1059;179381
1060;179384
1061;179387
1062;179390
1063;179393
1064;179396
1065;179399
1066;179405
1067;179408
1068;179411
1069;179414
1070;179420
1071;179423
1072;179426
1073;179429
1074;179432
1075;179438
1076;179447
1077;179450
1078;179453
1079;179456
1080;179459
1081;179462
1082;179465
1083;179471
1084;179474
1085;179477
1086;179480
1087;179483
1088;179486
1089;179489
1090;179495
1091;179501
1092;179504
1093;179516
1094;179519
1095;179522
1096;179531
1097;179534
1098;179537
1099;179540
1100;179543
1101;179546
1102;179558
1103;179561
1104;179564
1105;179567
1106;179573
1107;179576
1108;179579
1109;179585
1110;179591
1111;179594
1112;179622
1113;179625
1114;179628
1115;179631
1116;179637
1117;179640
1118;179643
1119;179646
1120;179652
1121;179667
1122;179670
1123;179673
1124;179676
1125;179688
1126;179691
1127;179694
1128;179697
1129;179700
1130;179703
1131;179709
1132;179712
1133;179718
1134;179721
1135;179724
1136;179727
1137;179730
1138;179736
1139;179757
1140;179760
1141;179763
1142;179766
1143;179769
1144;179772
1145;179784
1146;179793
1147;179796
1148;179805
1149;179808
1150;179811
1151;179817
1152;179823
1153;179826
1154;179829
1155;179832
1156;179841
1157;179847
1158;179856
1159;179859
1160;179862
1161;179871
1162;179879
1163;179882
1164;179885
1165;179888
1166;179899
1167;179902
1168;179905
1169;179908
1170;179914
1171;179917
1172;179923
1173;179926
1174;179929
1175;179932
1176;179935
1177;179938
1178;179944
1179;179950
1180;179959
1181;179962
1182;179968
1183;179974
1184;179977
1185;179983
1186;179986
1187;179989
1188;179992
1189;179998
1190;180004
1191;180010
1192;180013
1193;180016
1194;180022
1195;180025
1196;180031
1197;180034
1198;180037
1199;180040
1200;180043
1201;180046
1202;180052
1203;180064
1204;180067
1205;180070
1206;180079
1207;180082
1208;180091
1209;180094
1210;180097
1211;180100
1212;180103
1213;180125
1214;180139
1215;180142
1216;180145
1217;180160
1218;180163
1219;180166
1220;180172
1221;180175
1222;180181
1223;180187
1224;180193
1225;180196
1226;180202
1227;180205
1228;180208
1229;180217
1230;180220
1231;180229
1232;180241
1233;180247
1234;180253
1235;180256
1236;180262
1237;180265
1238;180283
1239;180289
1240;180295
1241;180298
1242;180301
1243;180310
1244;180313
1245;180319
1246;180322
1247;180328
1248;180331
1249;180334
1250;180340
1251;180346
1252;180349
1253;180358
1254;180364
1255;180367
1256;180370
1257;180373
1258;180376
1259;180382
1260;180385
1261;180388
1262;180391
1263;180394
1264;180400
1265;180403
1266;180409
1267;180412
1268;180415
1269;180418
1270;180421
1271;180424
1272;180427
1273;180439
1274;180445
1275;180448
1276;180451
1277;180454
1278;180457
1279;180460
1280;180463
1281;180469
1282;180481
1283;180484
1284;180487
1285;180499
1286;180505
1287;180508
1288;180517
1289;180520
1290;180523
1291;180526
1292;180532
1293;180535
1294;180538
1295;180541
1296;180547
1297;180553
1298;180556
1299;180559
1300;180562
1301;180565
1302;180574
1303;180577
1304;180580
1305;180583
1306;180586
1307;180589
1308;180595
1309;180604
1310;180610
1311;180613
1312;180619
1313;180622
1314;180625
1315;180628
1316;180634
1317;180637
1318;180640
1319;180649
1320;180652
1321;180658
1322;180664
1323;180673
1324;180679
1325;180682
1326;180685
1327;180688
1328;180691
1329;180694
1330;180703
1331;180712
1332;180718
1333;180721
1334;180724
1335;180730
1336;180733
1337;180736
1338;180739
1339;180745
1340;180754
1341;180760
1342;180763
1343;180769
1344;180772
1345;180775
1346;180781
1347;180784
1348;180790
1349;180796
1350;180802
1351;180805
1352;180808
1353;180817
1354;180826
1355;180829
1356;180832
1357;180847
1358;180850
1359;180859
1360;180868
1361;180871
1362;180874
1363;180877
1364;180880
1365;180886
1366;180889
1367;180892
1368;180899
1369;180902
1370;180914
1371;180917
1372;180926
1373;180929
1374;180932
1375;180935
1376;180938
1377;180950
1378;180953
1379;180956
1380;180962
1381;180968
1382;180971
1383;180974
1384;180977
1385;180980
1386;180992
1387;180995
1388;180998
1389;181001
1390;181004
1391;181013
1392;181016
1393;181025
1394;181028
1395;181031
1396;181043
1397;181052
1398;181055
1399;181067
1400;181073
1401;181076
1402;181079
1403;181085
1404;181091
1405;181094
1406;181100
1407;181106
1408;181112
1409;181115
1410;181121
1411;181124
1412;181127
1413;181130
1414;181133
1415;181139
1416;181142
1417;181145
1418;181148
1419;181151
1420;181154
1421;181160
1422;181163
1423;181175
1424;181178
1425;181181
1426;181184
1427;181199
1428;181205
1429;181208
1430;181211
1431;181222
1432;181228
1433;181231
1434;181234
1435;181237
1436;181240
1437;181243
1438;181246
1439;181249
1440;181258
1441;181261
1442;181267
1443;181270
1444;181273
1445;181276
1446;181282
1447;181285
1448;181291
1449;181297
1450;181306
1451;181312
1452;181324
1453;181330
1454;181333
1455;181339
1456;181348
1457;181369
1458;181372
1459;181381
1460;181387
1461;181390
1462;181393
1463;181396
1464;181405
1465;181420
1466;181423
1467;181429
1468;181435
1469;181444
1470;181447
1471;181450
1472;181459
1473;181462
1474;181471
1475;181480
1476;181483
1477;181486
1478;181502
1479;181505
1480;181511
1481;181517
1482;181520
1483;181523
1484;181526
1485;181529
1486;181532
1487;181535
1488;181538
1489;181541
1490;181547
1491;181553
1492;181556
1493;181562
1494;181565
1495;181568
1496;181571
1497;181583
1498;181586
1499;181589
1500;181592
1501;181595
1502;181598
1503;181604
1504;181607
1505;181613
1506;181631
1507;181634
1508;181637
1509;181640
1510;181649
1511;181652
1512;181655
1513;181658
1514;181661
1515;181664
1516;181667
1517;181679
1518;181682
1519;181688
1520;181691
1521;181694
1522;181700
1523;181709
1524;181712
1525;181715
1526;181718
1527;181724
1528;181730
1529;181736
1530;181739
1531;181745
1532;181748
1533;181754
1534;181757
1535;181760
1536;181766
1537;181769
1538;181772
1539;181775
1540;181778
1541;181781
1542;181784
1543;181787
1544;181793
1545;181799
1546;181808
1547;181814
1548;181817
1549;181829
1550;181835
1551;181841
1552;181844
1553;181847
1554;181885
1555;181894
1556;181900
1557;181912
1558;181915
1559;181918
1560;181921
1561;181924
1562;181939
1563;181945
1564;181951
1565;181957
1566;181960
1567;181963
1568;181966
1569;181969
1570;181972
1571;181975
1572;181981
1573;181984
1574;181987
1575;181990
1576;181993
1577;181996
1578;181999
1579;182005
1580;182017
1581;182020
1582;182023
1583;182026
1584;182029
1585;182035
1586;182038
1587;182044
1588;182050
1589;182053
1590;182056
1591;182059
1592;182065
1593;182071
1594;182074
1595;182077
1596;182083
1597;182086
1598;182092
1599;182095
1600;182098
1601;182101
1602;182107
1603;182110
1604;182122
1605;182128
1606;182134
1607;182137
1608;182140
1609;182149
1610;182155
1611;182161
1612;182164
1613;182179
1614;182185
1615;182194
1616;182203
1617;182206
1618;182209
1619;182218
1620;182221
1621;182230
1622;182233
1623;182239
1624;182242
1625;182245
1626;182248
1627;182251
1628;182254
1629;182260
1630;182263
1631;182266
1632;182269
1633;182272
1634;182275
1635;182278
1636;182281
1637;182290
1638;182293
1639;182296
1640;182299
1641;182308
1642;182314
1643;182317
1644;182320
1645;182326
1646;182335
1647;182338
1648;182344
1649;182350
1650;182362
1651;182365
1652;182374
1653;182377
1654;182383
1655;182392
1656;182401
1657;182404
1658;182407
1659;182410
1660;182413
1661;182419
1662;182422
1663;182425
1664;182431
1665;182434
1666;182443
1667;182446
1668;182452
1669;182455
1670;182461
1671;182470
1672;182476
1673;182482
1674;182485
1675;182488
1676;182491
1677;182494
1678;182500
1679;182509
1680;182512
1681;182518
1682;182524
1683;182530
1684;182533
1685;182536
1686;182542
1687;182545
1688;182548
1689;182551
1690;182554
1691;182560
1692;182563
1693;182566
1694;182569
1695;182572
1696;182575
1697;182578
1698;182581
1699;182587
1700;182590
1701;182593
1702;182596
1703;182602
1704;182608
1705;182611
1706;182614
1707;182620
1708;182626
1709;182632
1710;182635
1711;182641
1712;182644
1713;182653
1714;182665
1715;182668
1716;182674
1717;182680
1718;182686
1719;182689
1720;182699
1721;182708
1722;182711
1723;182714
1724;182720
1725;182723
1726;182726
1727;182729
1728;182735
1729;182738
1730;182741
1731;182747
1732;182756
1733;182768
1734;182771
1735;182774
1736;182777
1737;182780
1738;182789
1739;182807
1740;182810
1741;182819
1742;182822
1743;182825
1744;182828
1745;182831
1746;182834
1747;182843
1748;182849
1749;182855
1750;182861
1751;182864
1752;182867
1753;182873
1754;182879
1755;182882
1756;182894
1757;182897
1758;182900
1759;182903
1760;182906
1761;182912
1762;182918
1763;182921
1764;182924
1765;182927
1766;182936
1767;182939
1768;182942
1769;182945
1770;182948
1771;182951
1772;182954
1773;182960
1774;182963
1775;182969
1776;182972
1777;182981
1778;182990
1779;182993
1780;183005
1781;183022
1782;183028
1783;183031
1784;183037
1785;183040
1786;183046
1787;183049
1788;183052
1789;183064
1790;183079
1791;183082
1792;183085
1793;183088
1794;183094
1795;183097
1796;183100
1797;183115
1798;183118
1799;183121
1800;183124
1801;183133
1802;183139
1803;183142
1804;183145
1805;183148
1806;183151
1807;183154
1808;183160
1809;183169
1810;183175
1811;183181
1812;183187
1813;183199
1814;183205
1815;183211
1816;183214
1817;183217
1818;183220
1819;183223
1820;183226
1821;183229
1822;183232
1823;183235
1824;183238
1825;183241
1826;183247
1827;183250
1828;183253
1829;183256
1830;183259
1831;183268
1832;183271
1833;183274
1834;183277
1835;183280
1836;183289
1837;183292
1838;183308
1839;183311
1840;183314
1841;183317
1842;183339
1843;183342
1844;183345
1845;183348
1846;183366
1847;183372
1848;183384
1849;183387
1850;183393
1851;183405
1852;183408
1853;183426
1854;183432
1855;183435
1856;183438
1857;183441
1858;183447
1859;183456
1860;183459
1861;183462
1862;183465
1863;183471
1864;183474
1865;183483
1866;183486
1867;183489
1868;183495
1869;183504
1870;183507
1871;183510
1872;183516
1873;183519
1874;183522
1875;183525
1876;183528
1877;183531
1878;183537
1879;183543
1880;183555
1881;183558
1882;183561
1883;183564
1884;183570
1885;183579
1886;183582
1887;183585
1888;183588
1889;183594
1890;183600
1891;183603
1892;183606
1893;183609
1894;183619
1895;183622
1896;183625
1897;183631
1898;183640
1899;183643
1900;183646
1901;183655
1902;183661
1903;183679
1904;183682
1905;183688
1906;183691
1907;183697
1908;183700
1909;183703
1910;183706
1911;183709
1912;183715
1913;183718
1914;183721
1915;183730
1916;183733
1917;183736
1918;183745
1919;183754
1920;183757
1921;183784
1922;183787
1923;183790
1924;183805
1925;183820
1926;183844
1927;183853
1928;183856
1929;183862
1930;183865
1931;183883
1932;183892
1933;183910
1934;183916
1935;183919
1936;183931
1937;183943
1938;183979
1939;183985
1940;183994
1941;183997
1942;184003
1943;184009
1944;184012
1945;184027
1946;184033
1947;184048
1948;184051
1949;184054
1950;184057
1951;184078
1952;184084
1953;184087
1954;184099
1955;184102
1956;184114
1957;184126
1958;184132
1959;184138
1960;184153
1961;184159
1962;184165
1963;184180
1964;184183
1965;184189
1966;184213
1967;184216
1968;184219
1969;184228
1970;184231
1971;184234
1972;184237
1973;184258
1974;184261
1975;184264
1976;184267
1977;184270
1978;184273
1979;184291
1980;184297
1981;184312
1982;184315
1983;184324
1984;184327
1985;184330
1986;184339
1987;184354
1988;184357
1989;184366
1990;184385
1991;184394
1992;184400
1993;184406
1994;184409
1995;184415
1996;184418
1997;184421
1998;184430
1999;184433
2000;184436
2001;184439
2002;184445
2003;184454
2004;184457
2005;184460
2006;184469
2007;184472
2008;184481
2009;184484
2010;184487
2011;184490
2012;184499
2013;184511
2014;184520
2015;184529
2016;184544
2017;184553
2018;184568
2019;184571
2020;184589
2021;184592
2022;184595
2023;184598
2024;184601
2025;184604
2026;184610
2027;184619
2028;184622
2029;184625
2030;184637
2031;184640
2032;184646
2033;184652
2034;184655
2035;184667
2036;184673
2037;184676
2038;184679
2039;184685
2040;184688
2041;184691
2042;184694
2043;184697
2044;184706
2045;184712
2046;184724
2047;184730
2048;184733
2049;184736
2050;184739
2051;184751
2052;184754
2053;184757
2054;184760
2055;184763
2056;184772
2057;184778
2058;184781
2059;184784
2060;184787
2061;184790
2062;184793
2063;184796
2064;184799
2065;184802
2066;184808
2067;184814
2068;184820
2069;184823
2070;184826
2071;184829
2072;184832
2073;184838
2074;184844
2075;184850
2076;184853
2077;184865
2078;184868
2079;184871
2080;184889
2081;184895
2082;184898
2083;184922
2084;184928
2085;184940
2086;184949
2087;184952
2088;184955
2089;184961
2090;184967
2091;184979
2092;184982
2093;184985
2094;184991
2095;185003
2096;185006
2097;185018
2098;185021
2099;185024
2100;185027
2101;185033
2102;185039
2103;185045
2104;185048
2105;185051
2106;185057
2107;185060
2108;185069
2109;185075
2110;185078
2111;185102
2112;185105
2113;185111
2114;185114
2115;185117
2116;185123
2117;185126
2118;185141
2119;185144
2120;185147
2121;185153
2122;185159
2123;185162
2124;185165
2125;185174
2126;185177
2127;185201
2128;185204
2129;185207
2130;185210
2131;185213
2132;185216
2133;185219
2134;185234
2135;185246
2136;185252
2137;185255
2138;185261
2139;185267
2140;185270
2141;185273
2142;185279
2143;185282
2144;185285
2145;185303
2146;185306
2147;185309
2148;185312
2149;185315
2150;185318
2151;185327
2152;185339
2153;185348
2154;185351
2155;185354
2156;185360
2157;185369
2158;185372
2159;185379
2160;185382
2161;185388
2162;185397
2163;185403
2164;185425
2165;185428
2166;185440
2167;185449
2168;185452
2169;185455
2170;185458
2171;185461
2172;185464
2173;185467
2174;185470
2175;185473
2176;185479
2177;185482
2178;185488
2179;185494
2180;185503
2181;185506
2182;185509
2183;185515
2184;185518
2185;185524
2186;185533
2187;185536
2188;185539
2189;185548
2190;185554
2191;185557
2192;185560
2193;185563
2194;185569
2195;185584
2196;185587
2197;185599
2198;185605
2199;185614
2200;185617
2201;185620
2202;185626
2203;185629
2204;185635
2205;185638
2206;185641
2207;185644
2208;185650
2209;185653
2210;185665
2211;185668
2212;185674
2213;185683
2214;185689
2215;185692
2216;185698
2217;185701
2218;185710
2219;185722
2220;185725
2221;185728
2222;185731
2223;185740
2224;185746
2225;185749
2226;185755
2227;185759
2228;185762
2229;185771
2230;185777
2231;185780
2232;185786
2233;185789
2234;185792
2235;185795
2236;185798
2237;185801
2238;185804
2239;185807
2240;185819
2241;185831
2242;185834
2243;185837
2244;185843
2245;185846
2246;185852
2247;185855
2248;185858
2249;185861
2250;185873
2251;185885
2252;185894
2253;185903
2254;185921
2255;185930
2256;185936
2257;185942
2258;185972
2259;185984
2260;185990
2261;186011
2262;186017
2263;186020
2264;186023
2265;186029
2266;186032
2267;186038
2268;186050
2269;186053
2270;186056
2271;186059
2272;186062
2273;186068
2274;186079
2275;186085
2276;186088
2277;186100
2278;186103
2279;186106
2280;186115
2281;186121
2282;186139
2283;186145
2284;186148
2285;186151
2286;186154
2287;186169
2288;186175
2289;186184
2290;186187
2291;186196
2292;186199
2293;186202
2294;186205
2295;186214
2296;186229
2297;186232
2298;186235
2299;186238
2300;186241
2301;186244
2302;186247
2303;186256
2304;186262
2305;186271
2306;186274
2307;186277
2308;186280
2309;186298
2310;186310
2311;186334
2312;186367
2313;186382
2314;186391
2315;186415
2316;186418
2317;186433
2318;186439
2319;186442
2320;186454
2321;186463
2322;186466
2323;186469
2324;186496
2325;186505
2326;186508
2327;186511
2328;186523
2329;186535
2330;186541
2331;186565
2332;186574
2333;186577
2334;186580
2335;186586
2336;186592
2337;186598
2338;186607
2339;186625
2340;186637
2341;186643
2342;186664
2343;186670
2344;186673
2345;186676
2346;186682
2347;186706
2348;186712
2349;186715
2350;186718
2351;186721
2352;186727
2353;186739
2354;186751
2355;186757
2356;186763
2357;186772
2358;186778
2359;186784
2360;186787
2361;186808
2362;186820
2363;186848
2364;186851
2365;186860
2366;186863
2367;186872
2368;186878
2369;186881
2370;186884
2371;186893
2372;186896
2373;186902
2374;186905
2375;186914
2376;186917
2377;186920
2378;186938
2379;186950
2380;186953
2381;186968
2382;186983
2383;186995
2384;187004
2385;187010
2386;187019
2387;187025
2388;187031
2389;187034
2390;187037
2391;187040
2392;187043
2393;187049
2394;187055
2395;187061
2396;187064
2397;187070
2398;187073
2399;187076
2400;187094
2401;187097
2402;187100
2403;187103
2404;187115
2405;187130
2406;187148
2407;187154
2408;187157
2409;187178
2410;187184
2411;187187
2412;187190
2413;187196
2414;187199
2415;187211
2416;187214
2417;187217
2418;187238
2419;187244
2420;187247
2421;187253
2422;187268
2423;187274
2424;187292
2425;187298
2426;187304
2427;187307
2428;187313
2429;187319
2430;187325
2431;187337
2432;187346
2433;187352
2434;187355
2435;187358
2436;187361
2437;187364
2438;187367
2439;187370
2440;187373
2441;187379
2442;187382
2443;187385
2444;187397
2445;187400
2446;187406
2447;187409
2448;187415
2449;187427
2450;187433
2451;187436
2452;187445
2453;187454
2454;187463
2455;187466
2456;187469
2457;187475
2458;187481
2459;187487
2460;187490
2461;187496
2462;187505
2463;187511
2464;187514
2465;187529
2466;187532
2467;187547
2468;187553
2469;187556
2470;187562
2471;187565
2472;187571
2473;187574
2474;187595
2475;187642
2476;187654
2477;187663
2478;187666
2479;187669
2480;187672
2481;187678
2482;187687
2483;187693
2484;187720
2485;187729
2486;187735
2487;187738
2488;187744
2489;187747
2490;187750
2491;187768
2492;187786
2493;187789
2494;187792
2495;187795
2496;187807
2497;187825
2498;187828
2499;187840
2500;187843
2501;187846
2502;187849
2503;187861
2504;187870
2505;187879
2506;187882
2507;187885
2508;187888
2509;187891
2510;187906
2511;187921
2512;187924
2513;187930
2514;187933
2515;187936
2516;187939
2517;187942
2518;187945
2519;187954
2520;187957
2521;187960
2522;187975
2523;187981
2524;187999
2525;188008
2526;188017
2527;188020
2528;188023
2529;188029
2530;188032
2531;188035
2532;188038
2533;188053
2534;188059
2535;188065
2536;188077
2537;188080
2538;188101
2539;188107
2540;188128
2541;188131
2542;188134
2543;188140
2544;188146
2545;188155
2546;188164
2547;188170
2548;188176
2549;188179
2550;188182
2551;188185
2552;188194
2553;188200
2554;188203
2555;188215
2556;188218
2557;188224
2558;188236
2559;188271
2560;188274
2561;188283
2562;188286
2563;188305
2564;188308
2565;188317
2566;188320
2567;188326
2568;188332
2569;188350
2570;188356
2571;188359
2572;188365
2573;188368
2574;188371
2575;188380
2576;188386
2577;188389
2578;188401
2579;188407
2580;188413
2581;188416
2582;188425
2583;188440
2584;188449
2585;188452
2586;188464
2587;188467
2588;188470
2589;188476
2590;188479
2591;188485
2592;188491
2593;188497
2594;188500
2595;188503
2596;188506
2597;188509
2598;188512
2599;188515
2600;188521
2601;188524
2602;188530
2603;188533
2604;188542
2605;188545
2606;188548
2607;188551
2608;188554
2609;188557
2610;188566
2611;188572
2612;188575
2613;188578
2614;188581
2615;188584
2616;188590
2617;188599
2618;188605
2619;188608
2620;188622
2621;188639
2622;188645
2623;188648
2624;188657
2625;188660
2626;188663
2627;188666
2628;188675
2629;188678
2630;188681
2631;188693
2632;188696
2633;188699
2634;188702
2635;188705
2636;188708
2637;188711
2638;188714
2639;188720
2640;188732
2641;188738
2642;188741
2643;188744
2644;188750
2645;188762
2646;188765
2647;188768
2648;188777
2649;188783
2650;188786
2651;188792
2652;188801
2653;188804
2654;188822
2655;188825
2656;188834
2657;188837
2658;188862
2659;188871
2660;188874
2661;188877
2662;188902
2663;188908
2664;188911
2665;188914
2666;188923
2667;188932
2668;188938
2669;188941
2670;188944
2671;188947
2672;188950
2673;188953
2674;188959
2675;188962
2676;188965
2677;188968
2678;188971
2679;188974
2680;188977
2681;188983
2682;188995
2683;188998
2684;189004
2685;189010
2686;189016
2687;189022
2688;189025
2689;189028
2690;189031
2691;189043
2692;189046
2693;189052
2694;189055
2695;189061
2696;189067
2697;189070
2698;189073
2699;189079
2700;189082
2701;189085
2702;189088
2703;189091
2704;189097
2705;189100
2706;189106
2707;189109
2708;189115
2709;189121
2710;189142
2711;189145
2712;189148
2713;189151
2714;189154
2715;189160
2716;189169
2717;189178
2718;189181
2719;189193
2720;189196
2721;189202
2722;189205
2723;189208
2724;189214
2725;189217
2726;189229
2727;189232
2728;189244
2729;189253
2730;189262
2731;189265
2732;189271
2733;189274
2734;189277
2735;189280
2736;189286
2737;189292
2738;189298
2739;189301
2740;189304
2741;189316
2742;189325
2743;189328
2744;189331
2745;189340
2746;189343
2747;189349
2748;189358
2749;189361
2750;189373
2751;189376
2752;189391
2753;189394
2754;189397
2755;189403
2756;189406
2757;189427
2758;189430
2759;189442
2760;189445
2761;189451
2762;189466
2763;189475
2764;189478
2765;189481
2766;189490
2767;189496
2768;189505
2769;189511
2770;189514
2771;189517
2772;189529
2773;189541
2774;189544
2775;189547
2776;189550
2777;189553
2778;189559
2779;189562
2780;189565
2781;189571
2782;189580
2783;189583
2784;189586
2785;189589
2786;189601
2787;189607
2788;189616
2789;189619
2790;189622
2791;189625
2792;189628
2793;189634
2794;189637
2795;189649
2796;189652
2797;189655
2798;189661
2799;189664
2800;189667
2801;189673
2802;189682
2803;189688
2804;189691
2805;189697
2806;189700
2807;189709
2808;189715
2809;189718
2810;189724
2811;189739
2812;189742
2813;189745
2814;189754
2815;189760
2816;189763
2817;189766
2818;189769
2819;189772
2820;189775
2821;189778
2822;189781
2823;189784
2824;189796
2825;189799
2826;189805
2827;189811
2828;189814
2829;189817
2830;189820
2831;189826
2832;189829
2833;189841
2834;189853
2835;189859
2836;189862
2837;189865
2838;189868
2839;189871
2840;189874
2841;189880
2842;189883
2843;189886
2844;189895
2845;189901
2846;189904
2847;189910
2848;189913
2849;189916
2850;189919
2851;189922
2852;189925
2853;189931
2854;189937
2855;189946
2856;189949
2857;189952
2858;189958
2859;189961
2860;189970
2861;189973
2862;189979
2863;189988
2864;190002
2865;190008
2866;190011
2867;190017
2868;190039
2869;190045
2870;190048
2871;190060
2872;190066
2873;190069
2874;190075
2875;190081
2876;190087
2877;190096
2878;190099
2879;190102
2880;190108
2881;190111
2882;190117
2883;190120
2884;190123
2885;190126
2886;190129
2887;190132
2888;190153
2889;190159
2890;190162
2891;190165
2892;190171
2893;190183
2894;190186
2895;190189
2896;190195
2897;190198
2898;190201
2899;190204
2900;190207
2901;190210
2902;190213
2903;190216
2904;190228
2905;190240
2906;190246
2907;190255
2908;190258
2909;190261
2910;190264
2911;190273
2912;190279
2913;190285
2914;190288
2915;190299
2916;190302
2917;190305
2918;190311
2919;190345
2920;190351
2921;190354
2922;190357
2923;190360
2924;190363
2925;190369
2926;190372
2927;190375
2928;190381
2929;190384
2930;190387
2931;190390
2932;190396
2933;190402
2934;190405
2935;190411
2936;190414
2937;190423
2938;190429
2939;190432
2940;190441
2941;190444
2942;190462
2943;190465
2944;190471
2945;190474
2946;190477
2947;190483
2948;190495
2949;190501
2950;190504
2951;190507
2952;190522
2953;190525
2954;190528
2955;190531
2956;190534
2957;190540
2958;190543
2959;190546
2960;190561
2961;190567
2962;190570
2963;190576
2964;190579
2965;190582
2966;190585
2967;190591
2968;190597
2969;190600
2970;190606
2971;190609
2972;190612
2973;190615
2974;190624
2975;190627
2976;190630
2977;190645
2978;190659
2979;190662
2980;190686
2981;190692
2982;190695
2983;190701
2984;190707
2985;190710
2986;190716
2987;190719
2988;190722
2989;190731
2990;190734
2991;190737
2992;190743
2993;190746
2994;190749
2995;190752
2996;190758
2997;190770
2998;190773
2999;190782
3000;190785
3001;190788
3002;190791
3003;190797
3004;190806
3005;190809
3006;190815
3007;190827
3008;190830
3009;190833
3010;190836
3011;190839
3012;190842
3013;190848
3014;190851
3015;190857
3016;190860
3017;190863
3018;190866
3019;190869
3020;190875
3021;190878
3022;190881
3023;190884
3024;190887
3025;190890
3026;190896
3027;190899
3028;190905
3029;190911
3030;190914
3031;190923
3032;190926
3033;190938
3034;190944
3035;190950
3036;190953
3037;190956
3038;190959
3039;190962
3040;190965
3041;190968
3042;190974
3043;190977
3044;190980
3045;190983
3046;190989
3047;190992
3048;190995
3049;191001
3050;191025
3051;191028
3052;191040
3053;191043
3054;191049
3055;191052
3056;191058
3057;191064
3058;191076
3059;191079
3060;191085
3061;191091
3062;191097
3063;191100
3064;191103
3065;191106
3066;191130
3067;191133
3068;191139
3069;191142
3070;191145
3071;191148
3072;191181
3073;191184
3074;191187
3075;191193
3076;191196
3077;191202
3078;191205
3079;191208
3080;191211
3081;191220
3082;191239
3083;191245
3084;191248
3085;191254
3086;191263
3087;191266
3088;191278
3089;191284
3090;191287
3091;191290
3092;191296
3093;191305
3094;191308
3095;191311
3096;191317
3097;191326
3098;191332
3099;191335
3100;191341
3101;191350
3102;191353
3103;191362
3104;191374
3105;191377
3106;191380
3107;191383
3108;191392
3109;191395
3110;191401
3111;191413
3112;191416
3113;191419
3114;191431
3115;191446
3116;191449
3117;191452
3118;191455
3119;191458
3120;191464
3121;191467
3122;191476
3123;191479
3124;191482
3125;191485
3126;191491
3127;191494
3128;191497
3129;191512
3130;191515
3131;191524
3132;191527
3133;191533
3134;191536
3135;191539
3136;191548
3137;191566
3138;191569
3139;191572
3140;191605
3141;191611
3142;191617
3143;191620
3144;191629
3145;191632
3146;191638
3147;191641
3148;191644
3149;191662
3150;191680
3151;191683
3152;191704
3153;191707
3154;191710
3155;191713
3156;191716
3157;191719
3158;191722
3159;191725
3160;191731
3161;191737
3162;191740
3163;191746
3164;191749
3165;191755
3166;191758
3167;191761
3168;191767
3169;191770
3170;191779
3171;191782
3172;191785
3173;191788
3174;191797
3175;191798
3176;191803
3177;191806
3178;191809
3179;191812
3180;191818
3181;191821
3182;191839
3183;191842
3184;191845
3185;191848
3186;191854
3187;191857
3188;191872
3189;191881
3190;191887
3191;191890
3192;191896
3193;191908
3194;191917
3195;191923
3196;191929
3197;191932
3198;191938
3199;191941
3200;191947
3201;191950
3202;191959
3203;191965
3204;191977
3205;191989
3206;191995
3207;192007
3208;192019
3209;192025
3210;192037
3211;192040
3212;192043
3213;192046
3214;192058
3215;192061
3216;192064
3217;192070
3218;192073
3219;192079
3220;192088
3221;192097
3222;192103
3223;192112
3224;192115
3225;192118
3226;192142
3227;192148
3228;192151
3229;192160
3230;192172
3231;192178
3232;192181
3233;192187
3234;192193
3235;192211
3236;192214
3237;192220
3238;192223
3239;192226
3240;192229
3241;192232
3242;192244
3243;192247
3244;192250
3245;192253
3246;192256
3247;192259
3248;192262
3249;192265
3250;192268
3251;192271
3252;192274
3253;192280
3254;192286
3255;192289
3256;192292
3257;192307
3258;192310
3259;192313
3260;192319
3261;192322
3262;192325
3263;192334
3264;192337
3265;192340
3266;192343
3267;192359
3268;192362
3269;192365
3270;192368
3271;192371
3272;192377
3273;192383
3274;192389
3275;192392
3276;192395
3277;192398
3278;192401
3279;192407
3280;192410
3281;192413
3282;192422
3283;192425
3284;192428
3285;192440
3286;192446
3287;192449
3288;192452
3289;192455
3290;192458
3291;192464
3292;192467
3293;192479
3294;192485
3295;192491
3296;192494
3297;192497
3298;192500
3299;192512
3300;192518
3301;192521
3302;192524
3303;192527
3304;192530
3305;192533
3306;192536
3307;192542
3308;192551
3309;192554
3310;192560
3311;192563
3312;192566
3313;192575
3314;192578
3315;192584
3316;192587
3317;192590
3318;192596
3319;192605
3320;192608
3321;192611
3322;192614
3323;192620
3324;192623
3325;192626
3326;192629
3327;192635
3328;192638
3329;192644
3330;192650
3331;192656
3332;192659
3333;192665
3334;192668
3335;192674
3336;192683
3337;192689
3338;192692
3339;192695
3340;192701
3341;192704
3342;192707
3343;192710
3344;192719
3345;192722
3346;192725
3347;192728
3348;192731
3349;192734
3350;192740
3351;192746
3352;192752
3353;192761
3354;192773
3355;192779
3356;192788
3357;192791
3358;192794
3359;192812
3360;192822
3361;192825
3362;192828
3363;192837
3364;192843
3365;192846
3366;192849
3367;192852
3368;192858
3369;192861
3370;192864
3371;192870
3372;192879
3373;192882
3374;192888
3375;192891
3376;192894
3377;192900
3378;192903
3379;192906
3380;192912
3381;192918
3382;192921
3383;192927
3384;192930
3385;192939
3386;192942
3387;192945
3388;192951
3389;192960
3390;192963
3391;192969
3392;192978
3393;192987
3394;192996
3395;192999
3396;193002
3397;193005
3398;193008
3399;193011
3400;193017
3401;193020
3402;193023
3403;193029
3404;193032
3405;193035
3406;193038
3407;193041
3408;193044
3409;193047
3410;193050
3411;193056
3412;193062
3413;193065
3414;193068
3415;193071
3416;193083
3417;193089
3418;193095
3419;193098
3420;193110
3421;193113
3422;193125
3423;193128
3424;193131
3425;193137
3426;193140
3427;193159
3428;193162
3429;193168
3430;193171
3431;193174
3432;193177
3433;193180
3434;193186
3435;193192
3436;193195
3437;193198
3438;193201
3439;193204
3440;193207
3441;193210
3442;193216
3443;193222
3444;193231
3445;193243
3446;193252
3447;193255
3448;193264
3449;193267
3450;193270
3451;193276
3452;193285
3453;193288
3454;193294
3455;193297
3456;193309
3457;193315
3458;193321
3459;193333
3460;193339
3461;193345
3462;193348
3463;193351
3464;193354
3465;193357
3466;193360
3467;193363
3468;193369
3469;193372
3470;193378
3471;193381
3472;193387
3473;193393
3474;193408
3475;193411
3476;193419
3477;193422
3478;193431
3479;193446
3480;193449
3481;193452
3482;193455
3483;193464
3484;193467
3485;193470
3486;193473
3487;193476
3488;193479
3489;193482
3490;193488
3491;193497
3492;193506
3493;193524
3494;193530
3495;193536
3496;193542
3497;193554
3498;193563
3499;193566
3500;193578
3501;193587
3502;193599
3503;193608
3504;193620
3505;193626
3506;193629
3507;193635
3508;193647
3509;193650
3510;193653
3511;193656
3512;193659
3513;193668
3514;193671
3515;193674
3516;193680
3517;193683
3518;193686
3519;193689
3520;193695
3521;193702
3522;193711
3523;193714
3524;193717
3525;193723
3526;193726
3527;193732
3528;193738
3529;193744
3530;193756
3531;193762
3532;193768
3533;193774
3534;193777
3535;193783
3536;193792
3537;193795
3538;193798
3539;193804
3540;193807
3541;193819
3542;193822
3543;193825
3544;193828
3545;193831
3546;193834
3547;193837
3548;193840
3549;193843
3550;193846
3551;193849
3552;193852
3553;193855
3554;193858
3555;193861
3556;193864
3557;193867
3558;193870
3559;193873
3560;193876
3561;193882
3562;193885
3563;193888
3564;193891
3565;193903
3566;193906
3567;193909
3568;193912
3569;193924
3570;193927
3571;193939
3572;193962
3573;193965
3574;193968
3575;193971
3576;193974
3577;193992
3578;193998
3579;194010
3580;194013
3581;194016
3582;194022
3583;194025
3584;194031
3585;194034
3586;194037
3587;194040
3588;194043
3589;194052
3590;194061
3591;194067
3592;194070
3593;194079
3594;194088
3595;194091
3596;194100
3597;194103
3598;194109
3599;194112
3600;194115
3601;194124
3602;194130
3603;194136
3604;194139
3605;194142
3606;194145
3607;194151
3608;194154
3609;194160
3610;194169
3611;194179
3612;194182
3613;194188
3614;194191
3615;194203
3616;194206
3617;194212
3618;194218
3619;194221
3620;194224
3621;194227
3622;194230
3623;194233
3624;194236
3625;194239
3626;194242
3627;194245
3628;194260
3629;194266
3630;194269
3631;194278
3632;194281
3633;194287
3634;194293
3635;194305
3636;194311
3637;194323
3638;194335
3639;194341
3640;194344
3641;194347
3642;194353
3643;194362
3644;194368
3645;194397
3646;194400
3647;194403
3648;194406
3649;194409
3650;194412
3651;194418
3652;194424
3653;194427
3654;194430
3655;194442
3656;194454
3657;194460
3658;194466
3659;194469
3660;194472
3661;194478
3662;194481
3663;194487
3664;194493
3665;194496
3666;194499
3667;194502
3668;194508
3669;194514
3670;194517
3671;194523
3672;194526
3673;194529
3674;194532
3675;194535
3676;194541
3677;194544
3678;194550
3679;194556
3680;194562
3681;194565
3682;194568
3683;194571
3684;194574
3685;194577
3686;194583
3687;194599
3688;194605
3689;194608
3690;194611
3691;194614
3692;194617
3693;194626
3694;194641
3695;194644
3696;194647
3697;194653
3698;194656
3699;194665
3700;194674
3701;194677
3702;194683
3703;194686
3704;194692
3705;194695
3706;194716
3707;194719
3708;194722
3709;194728
3710;194731
3711;194737
3712;194740
3713;194743
3714;194746
3715;194749
3716;194758
3717;194764
3718;194767
3719;194770
3720;194779
3721;194785
3722;194788
3723;194791
3724;194797
3725;194822
3726;194834
3727;194859
3728;194862
3729;194865
3730;194868
3731;194871
3732;194874
3733;194886
3734;194889
3735;194892
3736;194895
3737;194898
3738;194901
3739;194907
3740;194916
3741;194919
3742;194922
3743;194928
3744;194934
3745;194937
3746;194943
3747;194952
3748;194958
3749;194964
3750;194970
3751;194973
3752;194976
3753;194979
3754;194982
3755;194985
3756;194988
3757;194991
3758;194994
3759;195000
3760;195003
3761;195012
3762;195015
3763;195021
3764;195024
3765;195030
3766;195033
3767;195036
3768;195039
3769;195042
3770;195045
3771;195048
3772;195051
3773;195054
3774;195057
3775;195066
3776;195069
3777;195079
3778;195082
3779;195085
3780;195088
3781;195091
3782;195094
3783;195097
3784;195103
3785;195106
3786;195109
3787;195115
3788;195118
3789;195124
3790;195127
3791;195130
3792;195133
3793;195136
3794;195139
3795;195142
3796;195145
3797;195148
3798;195154
3799;195157
3800;195160
3801;195163
3802;195166
3803;195172
3804;195175
3805;195178
3806;195184
3807;195187
3808;195190
3809;195193
3810;195196
3811;195199
3812;195208
3813;195211
3814;195220
3815;195223
3816;195226
3817;195229
3818;195232
3819;195244
3820;195247
3821;195256
3822;195259
3823;195262
3824;195265
3825;195277
3826;195299
3827;195302
3828;195305
3829;195323
3830;195326
3831;195329
3832;195332
3833;195335
3834;195338
3835;195344
3836;195347
3837;195356
3838;195359
3839;195362
3840;195374
3841;195380
3842;195383
3843;195389
3844;195395
3845;195401
3846;195404
3847;195410
3848;195422
3849;195428
3850;195434
3851;195437
3852;195443
3853;195446
3854;195449
3855;195455
3856;195458
3857;195476
3858;195479
3859;195482
3860;195485
3861;195488
3862;195491
3863;195494
3864;195497
3865;195500
3866;195503
3867;195512
3868;195518
3869;195521
3870;195524
3871;195530
3872;195533
3873;195539
3874;195542
3875;195545
3876;195551
3877;195557
3878;195560
3879;195563
3880;195566
3881;195579
3882;195591
3883;195594
3884;195597
3885;195600
3886;195603
3887;195606
3888;195609
3889;195615
3890;195618
3891;195624
3892;195627
3893;195630
3894;195633
3895;195639
3896;195642
3897;195648
3898;195654
3899;195666
3900;195669
3901;195672
3902;195678
3903;195681
3904;195719
3905;195725
3906;195731
3907;195734
3908;195737
3909;195743
3910;195746
3911;195752
3912;195761
3913;195764
3914;195767
3915;195770
3916;195773
3917;195779
3918;195797
3919;195800
3920;195803
3921;195806
3922;195809
3923;195818
3924;195824
3925;195827
3926;195830
3927;195833
3928;195839
3929;195842
3930;195848
3931;195857
3932;195863
3933;195869
3934;195881
3935;195890
3936;195896
3937;195899
3938;195911
3939;195914
3940;195917
3941;195920
3942;195923
3943;195929
3944;195932
3945;195938
3946;195941
3947;195947
3948;195950
3949;195953
3950;195956
3951;195962
3952;195968
3953;195979
3954;195985
3955;195988
3956;195991
3957;195994
3958;195997
3959;196000
3960;196006
3961;196009
3962;196012
3963;196015
3964;196018
3965;196027
3966;196030
3967;196036
3968;196039
3969;196042
3970;196045
3971;196054
3972;196057
3973;196060
3974;196063
3975;196069
3976;196072
3977;196075
3978;196078
3979;196081
3980;196084
3981;196087
3982;196090
3983;196096
3984;196099
3985;196108
3986;196111
3987;196114
3988;196117
3989;196126
3990;196129
3991;196135
3992;196144
3993;196150
3994;196153
3995;196159
3996;196162
3997;196168
3998;196171
3999;196183
4000;196186
4001;196195
4002;196201
4003;196207
4004;196210
4005;196213
4006;196216
4007;196219
4008;196225
4009;196228
4010;196240
4011;196258
4012;196261
4013;196267
4014;196273
4015;196282
4016;196291
4017;196302
4018;196305
4019;196308
4020;196311
4021;196314
4022;196317
4023;196320
4024;196326
4025;196332
4026;196335
4027;196338
4028;196341
4029;196347
4030;196359
4031;196362
4032;196365
4033;196368
4034;196374
4035;196380
4036;196392
4037;196395
4038;196398
4039;196401
4040;196404
4041;196407
4042;196413
4043;196416
4044;196422
4045;196428
4046;196434
4047;196446
4048;196449
4049;196452
4050;196455
4051;196458
4052;196461
4053;196470
4054;196473
4055;196479
4056;196482
4057;196485
4058;196488
4059;196506
4060;196509
4061;196512
4062;196515
4063;196521
4064;196524
4065;196530
4066;196533
4067;196542
4068;196545
4069;196548
4070;196551
4071;196557
4072;196560
4073;196563
4074;196569
4075;196572
4076;196575
4077;196578
4078;196581
4079;196602
4080;196605
4081;196611
4082;196614
4083;196620
4084;196623
4085;196639
4086;196642
4087;196645
4088;196648
4089;196651
4090;196654
4091;196660
4092;196666
4093;196669
4094;196672
4095;196675
4096;196678
4097;196681
4098;196687
4099;196693
4100;196702
4101;196705
4102;196708
4103;196723
4104;196726
4105;196738
4106;196741
4107;196753
4108;196756
4109;196759
4110;196762
4111;196768
4112;196771
4113;196777
4114;196780
4115;196786
4116;196792
4117;196795
4118;196801
4119;196804
4120;196810
4121;196822
4122;196825
4123;196831
4124;196846
4125;196849
4126;196852
4127;196855
4128;196858
4129;196861
4130;196864
4131;196867
4132;196873
4133;196879
4134;196880
4135;196885
4136;196888
4137;196891
4138;196900
4139;196903
4140;196909
4141;196915
4142;196918
4143;196921
4144;196924
